{
	"version": [  0,   1], 
	"id": "", 
	"meshes": [
		{
			"attributes": [
				"POSITION", "NORMAL", "TANGENT", "BINORMAL", "TEXCOORD0", "BLENDWEIGHT0", "BLENDWEIGHT1", "BLENDWEIGHT2", 
				"BLENDWEIGHT3"
			], 
			"vertices": [
				 0.000000,  0.000000,  13.535980, -0.000000, -0.000000,  1.000000, -0.995185, -0.098017, -0.000000,  0.098017, -0.995185, -0.000000,  0.000000,  1.000000,  0.000000,  1.000000,  0.000000,  0.000000,  0.000000,  0.000000,  0.000000,  0.000000, 
				-0.000000,  2.640739,  13.275889, -0.000000,  0.200969,  0.979598, -0.995378, -0.094077,  0.019300,  0.096036, -0.975070,  0.200040,  0.000000,  0.937500,  0.000000,  1.000000,  0.000000,  0.000000,  0.000000,  0.000000,  0.000000,  0.000000, 
				-0.515183,  2.589998,  13.275889, -0.039207,  0.197107,  0.979598, -0.976916, -0.213590,  0.003877,  0.209997, -0.956832,  0.200932,  0.031250,  0.937500,  0.000000,  1.000000,  0.000000,  0.000000,  0.000000,  0.000000,  0.000000,  0.000000, 
				 0.000000,  0.000000,  13.535980, -0.000000, -0.000000,  1.000000, -0.956940, -0.290285, -0.000000,  0.290285, -0.956940, -0.000000,  0.031250,  1.000000,  0.000000,  1.000000,  0.000000,  0.000000,  0.000000,  0.000000,  0.000000,  0.000000, 
				-1.010567,  2.439724,  13.275889, -0.076907,  0.185671,  0.979598, -0.916475, -0.400073,  0.003877,  0.392630, -0.897479,  0.200932,  0.062500,  0.937500,  0.000000,  1.000000,  0.000000,  0.000000,  0.000000,  0.000000,  0.000000,  0.000000, 
				 0.000000,  0.000000,  13.535980, -0.000000, -0.000000,  1.000000, -0.881921, -0.471396, -0.000000,  0.471396, -0.881921, -0.000000,  0.062500,  1.000000,  0.000000,  1.000000,  0.000000,  0.000000,  0.000000,  0.000000,  0.000000,  0.000000, 
				-1.467116,  2.195694,  13.275889, -0.111652,  0.167100,  0.979598, -0.820815, -0.571181,  0.003877,  0.560175, -0.803636,  0.200932,  0.093750,  0.937500,  0.000000,  1.000000,  0.000000,  0.000000,  0.000000,  0.000000,  0.000000,  0.000000, 
				 0.000000,  0.000000,  13.535980, -0.000000, -0.000000,  1.000000, -0.773010, -0.634394, -0.000000,  0.634394, -0.773010, -0.000000,  0.093750,  1.000000,  0.000000,  1.000000,  0.000000,  0.000000,  0.000000,  0.000000,  0.000000,  0.000000, 
				-1.867284,  1.867284,  13.275889, -0.142107,  0.142107,  0.979598, -0.693611, -0.720339,  0.003877,  0.706193, -0.678909,  0.200932,  0.125000,  0.937500,  0.000000,  1.000000,  0.000000,  0.000000,  0.000000,  0.000000,  0.000000,  0.000000, 
				 0.000000,  0.000000,  13.535980, -0.000000, -0.000000,  1.000000, -0.634394, -0.773010, -0.000000,  0.773010, -0.634394, -0.000000,  0.125000,  1.000000,  0.000000,  1.000000,  0.000000,  0.000000,  0.000000,  0.000000,  0.000000,  0.000000, 
				-2.195694,  1.467116,  13.275889, -0.167100,  0.111652,  0.979598, -0.539753, -0.841815,  0.003877,  0.825073, -0.528093,  0.200932,  0.156250,  0.937500,  0.000000,  1.000000,  0.000000,  0.000000,  0.000000,  0.000000,  0.000000,  0.000000, 
				 0.000000,  0.000000,  13.535980, -0.000000, -0.000000,  1.000000, -0.471397, -0.881921, -0.000000,  0.881921, -0.471397, -0.000000,  0.156250,  1.000000,  0.000000,  1.000000,  0.000000,  0.000000,  0.000000,  0.000000,  0.000000,  0.000000, 
				-2.439725,  1.010567,  13.275889, -0.185671,  0.076907,  0.979598, -0.365151, -0.930940,  0.003877,  0.912245, -0.356981,  0.200932,  0.187500,  0.937500,  0.000000,  1.000000,  0.000000,  0.000000,  0.000000,  0.000000,  0.000000,  0.000000, 
				 0.000000,  0.000000,  13.535980, -0.000000, -0.000000,  1.000000, -0.290284, -0.956940, -0.000000,  0.956940, -0.290284, -0.000000,  0.187500,  1.000000,  0.000000,  1.000000,  0.000000,  0.000000,  0.000000,  0.000000,  0.000000,  0.000000, 
				-2.589998,  0.515182,  13.275889, -0.197107,  0.039207,  0.979598, -0.176518, -0.984290,  0.003877,  0.964360, -0.172152,  0.200932,  0.218750,  0.937500,  0.000000,  1.000000,  0.000000,  0.000000,  0.000000,  0.000000,  0.000000,  0.000000, 
				 0.000000,  0.000000,  13.535980, -0.000000, -0.000000,  1.000000, -0.098017, -0.995185, -0.000000,  0.995185, -0.098017,  0.000000,  0.218750,  1.000000,  0.000000,  1.000000,  0.000000,  0.000000,  0.000000,  0.000000,  0.000000,  0.000000, 
				-2.640739, -0.000001,  13.275889, -0.200969, -0.000000,  0.979598,  0.018899, -0.999814,  0.003877,  0.979415,  0.019293,  0.200932,  0.250000,  0.937500,  0.000000,  1.000000,  0.000000,  0.000000,  0.000000,  0.000000,  0.000000,  0.000000, 
				 0.000000,  0.000000,  13.535980, -0.000000, -0.000000,  1.000000,  0.098017, -0.995185, -0.000000,  0.995185,  0.098017,  0.000000,  0.250000,  1.000000,  0.000000,  1.000000,  0.000000,  0.000000,  0.000000,  0.000000,  0.000000,  0.000000, 
				-2.589998, -0.515184,  13.275889, -0.197107, -0.039207,  0.979598,  0.213590, -0.976916,  0.003877,  0.956832,  0.209997,  0.200932,  0.281250,  0.937500,  0.000000,  1.000000,  0.000000,  0.000000,  0.000000,  0.000000,  0.000000,  0.000000, 
				 0.000000,  0.000000,  13.535980, -0.000000, -0.000000,  1.000000,  0.290285, -0.956940, -0.000000,  0.956940,  0.290285,  0.000000,  0.281250,  1.000000,  0.000000,  1.000000,  0.000000,  0.000000,  0.000000,  0.000000,  0.000000,  0.000000, 
				-2.439724, -1.010568,  13.275889, -0.185671, -0.076908,  0.979598,  0.400073, -0.916475,  0.003877,  0.897479,  0.392631,  0.200932,  0.312500,  0.937500,  0.000000,  1.000000,  0.000000,  0.000000,  0.000000,  0.000000,  0.000000,  0.000000, 
				 0.000000,  0.000000,  13.535980, -0.000000, -0.000000,  1.000000,  0.471397, -0.881921, -0.000000,  0.881921,  0.471397,  0.000000,  0.312500,  1.000000,  0.000000,  1.000000,  0.000000,  0.000000,  0.000000,  0.000000,  0.000000,  0.000000, 
				-2.195693, -1.467117,  13.275889, -0.167100, -0.111652,  0.979598,  0.571181, -0.820815,  0.003877,  0.803635,  0.560176,  0.200932,  0.343750,  0.937500,  0.000000,  1.000000,  0.000000,  0.000000,  0.000000,  0.000000,  0.000000,  0.000000, 
				 0.000000,  0.000000,  13.535980, -0.000000, -0.000000,  1.000000,  0.634394, -0.773010, -0.000000,  0.773010,  0.634394,  0.000000,  0.343750,  1.000000,  0.000000,  1.000000,  0.000000,  0.000000,  0.000000,  0.000000,  0.000000,  0.000000, 
				-1.867283, -1.867285,  13.275889, -0.142106, -0.142107,  0.979598,  0.720339, -0.693611,  0.003877,  0.678909,  0.706194,  0.200932,  0.375000,  0.937500,  0.000000,  1.000000,  0.000000,  0.000000,  0.000000,  0.000000,  0.000000,  0.000000, 
				 0.000000,  0.000000,  13.535980, -0.000000, -0.000000,  1.000000,  0.773011, -0.634393, -0.000000,  0.634393,  0.773011,  0.000000,  0.375000,  1.000000,  0.000000,  1.000000,  0.000000,  0.000000,  0.000000,  0.000000,  0.000000,  0.000000, 
				-1.467114, -2.195695,  13.275889, -0.111652, -0.167100,  0.979598,  0.841815, -0.539752,  0.003877,  0.528092,  0.825073,  0.200932,  0.406250,  0.937500,  0.000000,  1.000000,  0.000000,  0.000000,  0.000000,  0.000000,  0.000000,  0.000000, 
				 0.000000,  0.000000,  13.535980, -0.000000, -0.000000,  1.000000,  0.881922, -0.471396, -0.000000,  0.471396,  0.881922,  0.000000,  0.406250,  1.000000,  0.000000,  1.000000,  0.000000,  0.000000,  0.000000,  0.000000,  0.000000,  0.000000, 
				-1.010565, -2.439725,  13.275889, -0.076907, -0.185671,  0.979598,  0.930940, -0.365151,  0.003877,  0.356981,  0.912245,  0.200932,  0.437500,  0.937500,  0.000000,  1.000000,  0.000000,  0.000000,  0.000000,  0.000000,  0.000000,  0.000000, 
				 0.000000,  0.000000,  13.535980, -0.000000, -0.000000,  1.000000,  0.956941, -0.290283, -0.000000,  0.290283,  0.956941,  0.000000,  0.437500,  1.000000,  0.000000,  1.000000,  0.000000,  0.000000,  0.000000,  0.000000,  0.000000,  0.000000, 
				-0.515180, -2.589998,  13.275889, -0.039207, -0.197107,  0.979598,  0.984290, -0.176517,  0.003877,  0.172151,  0.964360,  0.200932,  0.468750,  0.937500,  0.000000,  1.000000,  0.000000,  0.000000,  0.000000,  0.000000,  0.000000,  0.000000, 
				 0.000000,  0.000000,  13.535980, -0.000000, -0.000000,  1.000000,  0.995185, -0.098016,  0.000000,  0.098016,  0.995185,  0.000000,  0.468750,  1.000000,  0.000000,  1.000000,  0.000000,  0.000000,  0.000000,  0.000000,  0.000000,  0.000000, 
				 0.000003, -2.640739,  13.275889,  0.000000, -0.200969,  0.979598,  0.999814,  0.018900,  0.003877, -0.019294,  0.979415,  0.200932,  0.500000,  0.937500,  0.000000,  1.000000,  0.000000,  0.000000,  0.000000,  0.000000,  0.000000,  0.000000, 
				 0.000000,  0.000000,  13.535980, -0.000000, -0.000000,  1.000000,  0.995185,  0.098018,  0.000000, -0.098018,  0.995185,  0.000000,  0.500000,  1.000000,  0.000000,  1.000000,  0.000000,  0.000000,  0.000000,  0.000000,  0.000000,  0.000000, 
				 0.515185, -2.589997,  13.275889,  0.039207, -0.197107,  0.979598,  0.976915,  0.213591,  0.003877, -0.209998,  0.956832,  0.200932,  0.531250,  0.937500,  0.000000,  1.000000,  0.000000,  0.000000,  0.000000,  0.000000,  0.000000,  0.000000, 
				 0.000000,  0.000000,  13.535980, -0.000000, -0.000000,  1.000000,  0.956940,  0.290286,  0.000000, -0.290286,  0.956940,  0.000000,  0.531250,  1.000000,  0.000000,  1.000000,  0.000000,  0.000000,  0.000000,  0.000000,  0.000000,  0.000000, 
				 1.010570, -2.439723,  13.275889,  0.076908, -0.185671,  0.979598,  0.916475,  0.400074,  0.003877, -0.392631,  0.897478,  0.200932,  0.562500,  0.937500,  0.000000,  1.000000,  0.000000,  0.000000,  0.000000,  0.000000,  0.000000,  0.000000, 
				 0.000000,  0.000000,  13.535980, -0.000000, -0.000000,  1.000000,  0.881921,  0.471398,  0.000000, -0.471398,  0.881921,  0.000000,  0.562500,  1.000000,  0.000000,  1.000000,  0.000000,  0.000000,  0.000000,  0.000000,  0.000000,  0.000000, 
				 1.467119, -2.195692,  13.275889,  0.111653, -0.167099,  0.979598,  0.820814,  0.571182,  0.003877, -0.560176,  0.803635,  0.200932,  0.593750,  0.937500,  0.000000,  1.000000,  0.000000,  0.000000,  0.000000,  0.000000,  0.000000,  0.000000, 
				 0.000000,  0.000000,  13.535980, -0.000000, -0.000000,  1.000000,  0.773010,  0.634394,  0.000000, -0.634394,  0.773010,  0.000000,  0.593750,  1.000000,  0.000000,  1.000000,  0.000000,  0.000000,  0.000000,  0.000000,  0.000000,  0.000000, 
				 1.867287, -1.867282,  13.275889,  0.142107, -0.142106,  0.979598,  0.693611,  0.720340,  0.003877, -0.706194,  0.678908,  0.200932,  0.625000,  0.937500,  0.000000,  1.000000,  0.000000,  0.000000,  0.000000,  0.000000,  0.000000,  0.000000, 
				 0.000000,  0.000000,  13.535980, -0.000000, -0.000000,  1.000000,  0.634392,  0.773011,  0.000000, -0.773011,  0.634392,  0.000000,  0.625000,  1.000000,  0.000000,  1.000000,  0.000000,  0.000000,  0.000000,  0.000000,  0.000000,  0.000000, 
				 2.195696, -1.467113,  13.275889,  0.167100, -0.111652,  0.979598,  0.539752,  0.841815,  0.003877, -0.825073,  0.528091,  0.200932,  0.656250,  0.937500,  0.000000,  1.000000,  0.000000,  0.000000,  0.000000,  0.000000,  0.000000,  0.000000, 
				 0.000000,  0.000000,  13.535980, -0.000000, -0.000000,  1.000000,  0.471395,  0.881922,  0.000000, -0.881922,  0.471395,  0.000000,  0.656250,  1.000000,  0.000000,  1.000000,  0.000000,  0.000000,  0.000000,  0.000000,  0.000000,  0.000000, 
				 2.439726, -1.010563,  13.275889,  0.185671, -0.076907,  0.979598,  0.365150,  0.930941,  0.003877, -0.912245,  0.356980,  0.200932,  0.687500,  0.937500,  0.000000,  1.000000,  0.000000,  0.000000,  0.000000,  0.000000,  0.000000,  0.000000, 
				 0.000000,  0.000000,  13.535980, -0.000000, -0.000000,  1.000000,  0.290283,  0.956941,  0.000000, -0.956941,  0.290283,  0.000000,  0.687500,  1.000000,  0.000000,  1.000000,  0.000000,  0.000000,  0.000000,  0.000000,  0.000000,  0.000000, 
				 2.589998, -0.515179,  13.275889,  0.197107, -0.039207,  0.979598,  0.176517,  0.984290,  0.003877, -0.964360,  0.172151,  0.200932,  0.718750,  0.937500,  0.000000,  1.000000,  0.000000,  0.000000,  0.000000,  0.000000,  0.000000,  0.000000, 
				 0.000000,  0.000000,  13.535980, -0.000000, -0.000000,  1.000000,  0.098016,  0.995185,  0.000000, -0.995185,  0.098016, -0.000000,  0.718750,  1.000000,  0.000000,  1.000000,  0.000000,  0.000000,  0.000000,  0.000000,  0.000000,  0.000000, 
				 2.640739,  0.000004,  13.275889,  0.200969,  0.000000,  0.979598, -0.018901,  0.999814,  0.003877, -0.979415, -0.019294,  0.200932,  0.750000,  0.937500,  0.000000,  1.000000,  0.000000,  0.000000,  0.000000,  0.000000,  0.000000,  0.000000, 
				 0.000000,  0.000000,  13.535980, -0.000000, -0.000000,  1.000000, -0.098019,  0.995185,  0.000000, -0.995185, -0.098019, -0.000000,  0.750000,  1.000000,  0.000000,  1.000000,  0.000000,  0.000000,  0.000000,  0.000000,  0.000000,  0.000000, 
				 2.589997,  0.515187,  13.275889,  0.197107,  0.039207,  0.979598, -0.213592,  0.976915,  0.003877, -0.956832, -0.209998,  0.200932,  0.781250,  0.937500,  0.000000,  1.000000,  0.000000,  0.000000,  0.000000,  0.000000,  0.000000,  0.000000, 
				 0.000000,  0.000000,  13.535980, -0.000000, -0.000000,  1.000000, -0.290287,  0.956940,  0.000000, -0.956940, -0.290287, -0.000000,  0.781250,  1.000000,  0.000000,  1.000000,  0.000000,  0.000000,  0.000000,  0.000000,  0.000000,  0.000000, 
				 2.439723,  1.010571,  13.275889,  0.185671,  0.076908,  0.979598, -0.400074,  0.916474,  0.003877, -0.897478, -0.392632,  0.200932,  0.812500,  0.937500,  0.000000,  1.000000,  0.000000,  0.000000,  0.000000,  0.000000,  0.000000,  0.000000, 
				 0.000000,  0.000000,  13.535980, -0.000000, -0.000000,  1.000000, -0.471398,  0.881921,  0.000000, -0.881921, -0.471398, -0.000000,  0.812500,  1.000000,  0.000000,  1.000000,  0.000000,  0.000000,  0.000000,  0.000000,  0.000000,  0.000000, 
				 2.195691,  1.467120,  13.275889,  0.167099,  0.111653,  0.979598, -0.571182,  0.820814,  0.003877, -0.803635, -0.560177,  0.200932,  0.843750,  0.937500,  0.000000,  1.000000,  0.000000,  0.000000,  0.000000,  0.000000,  0.000000,  0.000000, 
				 0.000000,  0.000000,  13.535980, -0.000000, -0.000000,  1.000000, -0.634395,  0.773009,  0.000000, -0.773009, -0.634395, -0.000000,  0.843750,  1.000000,  0.000000,  1.000000,  0.000000,  0.000000,  0.000000,  0.000000,  0.000000,  0.000000, 
				 1.867281,  1.867288,  13.275889,  0.142106,  0.142107,  0.979598, -0.720340,  0.693610,  0.003877, -0.678908, -0.706195,  0.200932,  0.875000,  0.937500,  0.000000,  1.000000,  0.000000,  0.000000,  0.000000,  0.000000,  0.000000,  0.000000, 
				 0.000000,  0.000000,  13.535980, -0.000000, -0.000000,  1.000000, -0.773012,  0.634392,  0.000000, -0.634392, -0.773012, -0.000000,  0.875000,  1.000000,  0.000000,  1.000000,  0.000000,  0.000000,  0.000000,  0.000000,  0.000000,  0.000000, 
				 1.467111,  2.195697,  13.275889,  0.111652,  0.167100,  0.979598, -0.841816,  0.539751,  0.003877, -0.528091, -0.825074,  0.200932,  0.906250,  0.937500,  0.000000,  1.000000,  0.000000,  0.000000,  0.000000,  0.000000,  0.000000,  0.000000, 
				 0.000000,  0.000000,  13.535980, -0.000000, -0.000000,  1.000000, -0.881922,  0.471395,  0.000000, -0.471395, -0.881922, -0.000000,  0.906250,  1.000000,  0.000000,  1.000000,  0.000000,  0.000000,  0.000000,  0.000000,  0.000000,  0.000000, 
				 1.010562,  2.439727,  13.275889,  0.076907,  0.185671,  0.979598, -0.930941,  0.365150,  0.003877, -0.356980, -0.912246,  0.200932,  0.937500,  0.937500,  0.000000,  1.000000,  0.000000,  0.000000,  0.000000,  0.000000,  0.000000,  0.000000, 
				 0.000000,  0.000000,  13.535980, -0.000000, -0.000000,  1.000000, -0.956941,  0.290283,  0.000000, -0.290283, -0.956941, -0.000000,  0.937500,  1.000000,  0.000000,  1.000000,  0.000000,  0.000000,  0.000000,  0.000000,  0.000000,  0.000000, 
				 0.515177,  2.589999,  13.275889,  0.039207,  0.197107,  0.979598, -0.984290,  0.176516,  0.003877, -0.172151, -0.964360,  0.200932,  0.968750,  0.937500,  0.000000,  1.000000,  0.000000,  0.000000,  0.000000,  0.000000,  0.000000,  0.000000, 
				 0.000000,  0.000000,  13.535980, -0.000000, -0.000000,  1.000000, -0.995185,  0.098016, -0.000000, -0.098016, -0.995185, -0.000000,  0.968750,  1.000000,  0.000000,  1.000000,  0.000000,  0.000000,  0.000000,  0.000000,  0.000000,  0.000000, 
				-0.000000,  2.640739,  13.275889, -0.000000,  0.200969,  0.979598, -0.995378,  0.094075, -0.019300, -0.096035, -0.975070,  0.200040,  1.000000,  0.937500,  0.000000,  1.000000,  0.000000,  0.000000,  0.000000,  0.000000,  0.000000,  0.000000, 
				-0.000000,  5.179996,  12.505614, -0.000000,  0.387887,  0.921707, -0.995905, -0.083330,  0.035068,  0.090408, -0.917932,  0.386298,  0.000000,  0.875000,  0.000000,  1.000000,  0.000000,  0.000000,  0.000000,  0.000000,  0.000000,  0.000000, 
				-1.010567,  5.080463,  12.505614, -0.075673,  0.380434,  0.921707, -0.980785, -0.195090, -0.000000,  0.179816, -0.903997,  0.387887,  0.031250,  0.875000,  0.000000,  1.000000,  0.000000,  0.000000,  0.000000,  0.000000,  0.000000,  0.000000, 
				-1.982298,  4.785692,  12.505614, -0.148438,  0.358361,  0.921707, -0.923880, -0.382683,  0.000000,  0.352722, -0.851546,  0.387887,  0.062500,  0.875000,  0.000000,  1.000000,  0.000000,  0.000000,  0.000000,  0.000000,  0.000000,  0.000000, 
				-2.877851,  4.307009,  12.505614, -0.215498,  0.322516,  0.921707, -0.831470, -0.555570,  0.000000,  0.512073, -0.766371,  0.387887,  0.093750,  0.875000,  0.000000,  1.000000,  0.000000,  0.000000,  0.000000,  0.000000,  0.000000,  0.000000, 
				-3.662810,  3.662810,  12.505614, -0.274277,  0.274277,  0.921707, -0.707107, -0.707107,  0.000000,  0.651745, -0.651745,  0.387887,  0.125000,  0.875000,  0.000000,  1.000000,  0.000000,  0.000000,  0.000000,  0.000000,  0.000000,  0.000000, 
				-4.307009,  2.877851,  12.505614, -0.322516,  0.215498,  0.921707, -0.555570, -0.831470, -0.000000,  0.766371, -0.512073,  0.387887,  0.156250,  0.875000,  0.000000,  1.000000,  0.000000,  0.000000,  0.000000,  0.000000,  0.000000,  0.000000, 
				-4.785692,  1.982298,  12.505614, -0.358361,  0.148438,  0.921707, -0.382683, -0.923880, -0.000000,  0.851546, -0.352722,  0.387887,  0.187500,  0.875000,  0.000000,  1.000000,  0.000000,  0.000000,  0.000000,  0.000000,  0.000000,  0.000000, 
				-5.080463,  1.010566,  12.505614, -0.380434,  0.075673,  0.921707, -0.195090, -0.980785,  0.000000,  0.903997, -0.179816,  0.387887,  0.218750,  0.875000,  0.000000,  1.000000,  0.000000,  0.000000,  0.000000,  0.000000,  0.000000,  0.000000, 
				-5.179996, -0.000002,  12.505614, -0.387887, -0.000000,  0.921707,  0.000000, -1.000000, -0.000000,  0.921707,  0.000000,  0.387887,  0.250000,  0.875000,  0.000000,  1.000000,  0.000000,  0.000000,  0.000000,  0.000000,  0.000000,  0.000000, 
				-5.080463, -1.010569,  12.505614, -0.380434, -0.075673,  0.921707,  0.195091, -0.980785,  0.000000,  0.903997,  0.179816,  0.387887,  0.281250,  0.875000,  0.000000,  1.000000,  0.000000,  0.000000,  0.000000,  0.000000,  0.000000,  0.000000, 
				-4.785691, -1.982301,  12.505614, -0.358361, -0.148438,  0.921707,  0.382684, -0.923879,  0.000000,  0.851546,  0.352722,  0.387887,  0.312500,  0.875000,  0.000000,  1.000000,  0.000000,  0.000000,  0.000000,  0.000000,  0.000000,  0.000000, 
				-4.307007, -2.877854,  12.505614, -0.322516, -0.215499,  0.921707,  0.555571, -0.831469, -0.000000,  0.766371,  0.512073,  0.387887,  0.343750,  0.875000,  0.000000,  1.000000,  0.000000,  0.000000,  0.000000,  0.000000,  0.000000,  0.000000, 
				-3.662808, -3.662812,  12.505614, -0.274277, -0.274278,  0.921707,  0.707107, -0.707106, -0.000000,  0.651745,  0.651746,  0.387887,  0.375000,  0.875000,  0.000000,  1.000000,  0.000000,  0.000000,  0.000000,  0.000000,  0.000000,  0.000000, 
				-2.877848, -4.307011,  12.505614, -0.215498, -0.322516,  0.921707,  0.831470, -0.555570,  0.000000,  0.512072,  0.766372,  0.387887,  0.406250,  0.875000,  0.000000,  1.000000,  0.000000,  0.000000,  0.000000,  0.000000,  0.000000,  0.000000, 
				-1.982295, -4.785694,  12.505614, -0.148438, -0.358361,  0.921707,  0.923880, -0.382683, -0.000000,  0.352721,  0.851547,  0.387887,  0.437500,  0.875000,  0.000000,  1.000000,  0.000000,  0.000000,  0.000000,  0.000000,  0.000000,  0.000000, 
				-1.010563, -5.080464,  12.505614, -0.075673, -0.380434,  0.921707,  0.980785, -0.195089, -0.000000,  0.179815,  0.903997,  0.387887,  0.468750,  0.875000,  0.000000,  1.000000,  0.000000,  0.000000,  0.000000,  0.000000,  0.000000,  0.000000, 
				 0.000005, -5.179996,  12.505614,  0.000000, -0.387887,  0.921707,  1.000000,  0.000001,  0.000000, -0.000001,  0.921707,  0.387887,  0.500000,  0.875000,  0.000000,  1.000000,  0.000000,  0.000000,  0.000000,  0.000000,  0.000000,  0.000000, 
				 1.010572, -5.080462,  12.505614,  0.075673, -0.380434,  0.921707,  0.980785,  0.195091,  0.000000, -0.179817,  0.903996,  0.387887,  0.531250,  0.875000,  0.000000,  1.000000,  0.000000,  0.000000,  0.000000,  0.000000,  0.000000,  0.000000, 
				 1.982304, -4.785689,  12.505614,  0.148438, -0.358361,  0.921707,  0.923879,  0.382684,  0.000000, -0.352723,  0.851546,  0.387887,  0.562500,  0.875000,  0.000000,  1.000000,  0.000000,  0.000000,  0.000000,  0.000000,  0.000000,  0.000000, 
				 2.877857, -4.307005,  12.505614,  0.215499, -0.322516,  0.921707,  0.831469,  0.555571, -0.000000, -0.512074,  0.766371,  0.387887,  0.593750,  0.875000,  0.000000,  1.000000,  0.000000,  0.000000,  0.000000,  0.000000,  0.000000,  0.000000, 
				 3.662815, -3.662805,  12.505614,  0.274278, -0.274277,  0.921707,  0.707106,  0.707108, -0.000000, -0.651746,  0.651744,  0.387887,  0.625000,  0.875000,  0.000000,  1.000000,  0.000000,  0.000000,  0.000000,  0.000000,  0.000000,  0.000000, 
				 4.307013, -2.877846,  12.505614,  0.322516, -0.215498,  0.921707,  0.555569,  0.831470, -0.000000, -0.766372,  0.512072,  0.387887,  0.656250,  0.875000,  0.000000,  1.000000,  0.000000,  0.000000,  0.000000,  0.000000,  0.000000,  0.000000, 
				 4.785695, -1.982291,  12.505614,  0.358361, -0.148437,  0.921707,  0.382682,  0.923880,  0.000000, -0.851547,  0.352721,  0.387887,  0.687500,  0.875000,  0.000000,  1.000000,  0.000000,  0.000000,  0.000000,  0.000000,  0.000000,  0.000000, 
				 5.080465, -1.010559,  12.505614,  0.380434, -0.075672,  0.921707,  0.195089,  0.980786, -0.000000, -0.903997,  0.179815,  0.387887,  0.718750,  0.875000,  0.000000,  1.000000,  0.000000,  0.000000,  0.000000,  0.000000,  0.000000,  0.000000, 
				 5.179996,  0.000008,  12.505614,  0.387887,  0.000001,  0.921707, -0.000002,  1.000000,  0.000000, -0.921707, -0.000002,  0.387887,  0.750000,  0.875000,  0.000000,  1.000000,  0.000000,  0.000000,  0.000000,  0.000000,  0.000000,  0.000000, 
				 5.080462,  1.010576,  12.505614,  0.380434,  0.075674,  0.921707, -0.195092,  0.980785, -0.000000, -0.903996, -0.179818,  0.387887,  0.781250,  0.875000,  0.000000,  1.000000,  0.000000,  0.000000,  0.000000,  0.000000,  0.000000,  0.000000, 
				 4.785688,  1.982307,  12.505614,  0.358360,  0.148438,  0.921707, -0.382685,  0.923879,  0.000000, -0.851546, -0.352723,  0.387887,  0.812500,  0.875000,  0.000000,  1.000000,  0.000000,  0.000000,  0.000000,  0.000000,  0.000000,  0.000000, 
				 4.307003,  2.877859,  12.505614,  0.322516,  0.215499,  0.921707, -0.555572,  0.831469, -0.000000, -0.766370, -0.512074,  0.387887,  0.843750,  0.875000,  0.000000,  1.000000,  0.000000,  0.000000,  0.000000,  0.000000,  0.000000,  0.000000, 
				 3.662803,  3.662817,  12.505614,  0.274277,  0.274278,  0.921707, -0.707108,  0.707105, -0.000000, -0.651744, -0.651747,  0.387887,  0.875000,  0.875000,  0.000000,  1.000000,  0.000000,  0.000000,  0.000000,  0.000000,  0.000000,  0.000000, 
				 2.877843,  4.307014,  12.505614,  0.215498,  0.322517,  0.921707, -0.831471,  0.555569, -0.000000, -0.512072, -0.766372,  0.387887,  0.906250,  0.875000,  0.000000,  1.000000,  0.000000,  0.000000,  0.000000,  0.000000,  0.000000,  0.000000, 
				 1.982289,  4.785696,  12.505614,  0.148437,  0.358361,  0.921707, -0.923880,  0.382682, -0.000000, -0.352720, -0.851547,  0.387887,  0.937500,  0.875000,  0.000000,  1.000000,  0.000000,  0.000000,  0.000000,  0.000000,  0.000000,  0.000000, 
				 1.010556,  5.080466,  12.505614,  0.075672,  0.380434,  0.921707, -0.980786,  0.195089, -0.000000, -0.179815, -0.903997,  0.387887,  0.968750,  0.875000,  0.000000,  1.000000,  0.000000,  0.000000,  0.000000,  0.000000,  0.000000,  0.000000, 
				-0.000000,  5.179996,  12.505614, -0.000000,  0.387887,  0.921707, -0.995905,  0.083329, -0.035068, -0.090407, -0.917933,  0.386298,  1.000000,  0.875000,  0.000000,  1.000000,  0.000000,  0.000000,  0.000000,  0.000000,  0.000000,  0.000000, 
				-0.000000,  7.520188,  11.254756, -0.000000,  0.559775,  0.828645, -0.996686, -0.067405,  0.045534,  0.081344, -0.825899,  0.557920,  0.000000,  0.812500,  0.000000,  1.000000,  0.000000,  0.000000,  0.000000,  0.000000,  0.000000,  0.000000, 
				-1.467116,  7.375690,  11.254756, -0.109207,  0.549019,  0.828645, -0.980785, -0.195090,  0.000000,  0.161661, -0.812723,  0.559775,  0.031250,  0.812500,  0.000000,  1.000000,  0.000000,  0.000000,  0.000000,  0.000000,  0.000000,  0.000000, 
				-2.877851,  6.947748,  11.254756, -0.214217,  0.517165,  0.828645, -0.923880, -0.382683, -0.000000,  0.317109, -0.765568,  0.559775,  0.062500,  0.812500,  0.000000,  1.000000,  0.000000,  0.000000,  0.000000,  0.000000,  0.000000,  0.000000, 
				-4.177992,  6.252808,  11.254756, -0.310994,  0.465436,  0.828645, -0.831470, -0.555570, -0.000000,  0.460370, -0.688993,  0.559775,  0.093750,  0.812500,  0.000000,  1.000000,  0.000000,  0.000000,  0.000000,  0.000000,  0.000000,  0.000000, 
				-5.317576,  5.317576,  11.254756, -0.395821,  0.395821,  0.828645, -0.707107, -0.707107,  0.000000,  0.585940, -0.585940,  0.559775,  0.125000,  0.812500,  0.000000,  1.000000,  0.000000,  0.000000,  0.000000,  0.000000,  0.000000,  0.000000, 
				-6.252808,  4.177992,  11.254756, -0.465436,  0.310994,  0.828645, -0.555570, -0.831470, -0.000000,  0.688993, -0.460370,  0.559775,  0.156250,  0.812500,  0.000000,  1.000000,  0.000000,  0.000000,  0.000000,  0.000000,  0.000000,  0.000000, 
				-6.947748,  2.877850,  11.254756, -0.517165,  0.214216,  0.828645, -0.382683, -0.923880, -0.000000,  0.765568, -0.317108,  0.559775,  0.187500,  0.812500,  0.000000,  1.000000,  0.000000,  0.000000,  0.000000,  0.000000,  0.000000,  0.000000, 
				-7.375690,  1.467114,  11.254756, -0.549019,  0.109207,  0.828645, -0.195090, -0.980785, -0.000000,  0.812723, -0.161660,  0.559775,  0.218750,  0.812500,  0.000000,  1.000000,  0.000000,  0.000000,  0.000000,  0.000000,  0.000000,  0.000000, 
				-7.520188, -0.000002,  11.254756, -0.559775, -0.000000,  0.828645,  0.000000, -1.000000,  0.000000,  0.828645,  0.000000,  0.559775,  0.250000,  0.812500,  0.000000,  1.000000,  0.000000,  0.000000,  0.000000,  0.000000,  0.000000,  0.000000, 
				-7.375689, -1.467119,  11.254756, -0.549019, -0.109207,  0.828645,  0.195091, -0.980785, -0.000000,  0.812722,  0.161661,  0.559775,  0.281250,  0.812500,  0.000000,  1.000000,  0.000000,  0.000000,  0.000000,  0.000000,  0.000000,  0.000000, 
				-6.947746, -2.877855,  11.254756, -0.517165, -0.214217,  0.828645,  0.382684, -0.923879,  0.000000,  0.765568,  0.317109,  0.559775,  0.312500,  0.812500,  0.000000,  1.000000,  0.000000,  0.000000,  0.000000,  0.000000,  0.000000,  0.000000, 
				-6.252805, -4.177996,  11.254756, -0.465436, -0.310995,  0.828645,  0.555571, -0.831469,  0.000000,  0.688993,  0.460371,  0.559775,  0.343750,  0.812500,  0.000000,  1.000000,  0.000000,  0.000000,  0.000000,  0.000000,  0.000000,  0.000000, 
				-5.317573, -5.317579,  11.254756, -0.395820, -0.395821,  0.828645,  0.707107, -0.707106, -0.000000,  0.585940,  0.585941,  0.559775,  0.375000,  0.812500,  0.000000,  1.000000,  0.000000,  0.000000,  0.000000,  0.000000,  0.000000,  0.000000, 
				-4.177988, -6.252810,  11.254756, -0.310994, -0.465436,  0.828645,  0.831470, -0.555570,  0.000000,  0.460370,  0.688993,  0.559775,  0.406250,  0.812500,  0.000000,  1.000000,  0.000000,  0.000000,  0.000000,  0.000000,  0.000000,  0.000000, 
				-2.877846, -6.947750,  11.254756, -0.214216, -0.517165,  0.828645,  0.923880, -0.382683,  0.000000,  0.317108,  0.765568,  0.559775,  0.437500,  0.812500,  0.000000,  1.000000,  0.000000,  0.000000,  0.000000,  0.000000,  0.000000,  0.000000, 
				-1.467109, -7.375690,  11.254756, -0.109206, -0.549019,  0.828645,  0.980785, -0.195089, -0.000000,  0.161660,  0.812723,  0.559775,  0.468750,  0.812500,  0.000000,  1.000000,  0.000000,  0.000000,  0.000000,  0.000000,  0.000000,  0.000000, 
				 0.000007, -7.520188,  11.254756,  0.000000, -0.559775,  0.828645,  1.000000,  0.000001,  0.000000, -0.000001,  0.828645,  0.559775,  0.500000,  0.812500,  0.000000,  1.000000,  0.000000,  0.000000,  0.000000,  0.000000,  0.000000,  0.000000, 
				 1.467124, -7.375688,  11.254756,  0.109207, -0.549019,  0.828645,  0.980785,  0.195091, -0.000000, -0.161661,  0.812722,  0.559775,  0.531250,  0.812500,  0.000000,  1.000000,  0.000000,  0.000000,  0.000000,  0.000000,  0.000000,  0.000000, 
				 2.877859, -6.947744,  11.254756,  0.214217, -0.517164,  0.828645,  0.923879,  0.382684,  0.000000, -0.317109,  0.765567,  0.559775,  0.562500,  0.812500,  0.000000,  1.000000,  0.000000,  0.000000,  0.000000,  0.000000,  0.000000,  0.000000, 
				 4.178000, -6.252803,  11.254756,  0.310995, -0.465436,  0.828645,  0.831469,  0.555571, -0.000000, -0.460371,  0.688992,  0.559775,  0.593750,  0.812500,  0.000000,  1.000000,  0.000000,  0.000000,  0.000000,  0.000000,  0.000000,  0.000000, 
				 5.317583, -5.317569,  11.254756,  0.395821, -0.395820,  0.828645,  0.707106,  0.707108,  0.000000, -0.585941,  0.585939,  0.559775,  0.625000,  0.812500,  0.000000,  1.000000,  0.000000,  0.000000,  0.000000,  0.000000,  0.000000,  0.000000, 
				 6.252813, -4.177984,  11.254756,  0.465436, -0.310994,  0.828645,  0.555569,  0.831470, -0.000000, -0.688993,  0.460369,  0.559775,  0.656250,  0.812500,  0.000000,  1.000000,  0.000000,  0.000000,  0.000000,  0.000000,  0.000000,  0.000000, 
				 6.947752, -2.877841,  11.254756,  0.517165, -0.214216,  0.828645,  0.382682,  0.923880,  0.000000, -0.765568,  0.317107,  0.559775,  0.687500,  0.812500,  0.000000,  1.000000,  0.000000,  0.000000,  0.000000,  0.000000,  0.000000,  0.000000, 
				 7.375691, -1.467105,  11.254756,  0.549019, -0.109206,  0.828645,  0.195089,  0.980786,  0.000000, -0.812723,  0.161659,  0.559775,  0.718750,  0.812500,  0.000000,  1.000000,  0.000000,  0.000000,  0.000000,  0.000000,  0.000000,  0.000000, 
				 7.520188,  0.000012,  11.254756,  0.559775,  0.000001,  0.828645, -0.000001,  1.000000, -0.000000, -0.828645, -0.000001,  0.559775,  0.750000,  0.812500,  0.000000,  1.000000,  0.000000,  0.000000,  0.000000,  0.000000,  0.000000,  0.000000, 
				 7.375687,  1.467128,  11.254756,  0.549019,  0.109208,  0.828645, -0.195092,  0.980785,  0.000000, -0.812722, -0.161662,  0.559775,  0.781250,  0.812500,  0.000000,  1.000000,  0.000000,  0.000000,  0.000000,  0.000000,  0.000000,  0.000000, 
				 6.947742,  2.877864,  11.254756,  0.517164,  0.214217,  0.828645, -0.382685,  0.923879, -0.000000, -0.765567, -0.317110,  0.559775,  0.812500,  0.812500,  0.000000,  1.000000,  0.000000,  0.000000,  0.000000,  0.000000,  0.000000,  0.000000, 
				 6.252800,  4.178004,  11.254756,  0.465435,  0.310995,  0.828645, -0.555572,  0.831469, -0.000000, -0.688992, -0.460372,  0.559775,  0.843750,  0.812500,  0.000000,  1.000000,  0.000000,  0.000000,  0.000000,  0.000000,  0.000000,  0.000000, 
				 5.317565,  5.317586,  11.254756,  0.395820,  0.395821,  0.828645, -0.707108,  0.707105, -0.000000, -0.585939, -0.585941,  0.559775,  0.875000,  0.812500,  0.000000,  1.000000,  0.000000,  0.000000,  0.000000,  0.000000,  0.000000,  0.000000, 
				 4.177980,  6.252816,  11.254756,  0.310993,  0.465436,  0.828645, -0.831471,  0.555569,  0.000000, -0.460369, -0.688994,  0.559775,  0.906250,  0.812500,  0.000000,  1.000000,  0.000000,  0.000000,  0.000000,  0.000000,  0.000000,  0.000000, 
				 2.877837,  6.947754,  11.254756,  0.214216,  0.517165,  0.828645, -0.923880,  0.382682, -0.000000, -0.317107, -0.765568,  0.559775,  0.937500,  0.812500,  0.000000,  1.000000,  0.000000,  0.000000,  0.000000,  0.000000,  0.000000,  0.000000, 
				 1.467100,  7.375693,  11.254756,  0.109206,  0.549019,  0.828645, -0.980786,  0.195089, -0.000000, -0.161659, -0.812723,  0.559775,  0.968750,  0.812500,  0.000000,  1.000000,  0.000000,  0.000000,  0.000000,  0.000000,  0.000000,  0.000000, 
				-0.000000,  7.520188,  11.254756, -0.000000,  0.559775,  0.828645, -0.996686,  0.067404, -0.045534, -0.081343, -0.825899,  0.557920,  1.000000,  0.812500,  0.000000,  1.000000,  0.000000,  0.000000,  0.000000,  0.000000,  0.000000,  0.000000, 
				-0.000000,  9.571383,  9.571383, -0.000000,  0.710141,  0.704059, -0.997604, -0.048705,  0.049126,  0.069178, -0.702372,  0.708440,  0.000000,  0.750000,  0.000000,  1.000000,  0.000000,  0.000000,  0.000000,  0.000000,  0.000000,  0.000000, 
				-1.867284,  9.387472,  9.571383, -0.138542,  0.696496,  0.704059, -0.980785, -0.195090, -0.000000,  0.137355, -0.690531,  0.710141,  0.031250,  0.750000,  0.000000,  1.000000,  0.000000,  0.000000,  0.000000,  0.000000,  0.000000,  0.000000, 
				-3.662810,  8.842806,  9.571383, -0.271759,  0.656085,  0.704059, -0.923880, -0.382683,  0.000000,  0.269432, -0.650466,  0.710141,  0.062500,  0.750000,  0.000000,  1.000000,  0.000000,  0.000000,  0.000000,  0.000000,  0.000000,  0.000000, 
				-5.317575,  7.958315,  9.571383, -0.394533,  0.590461,  0.704059, -0.831470, -0.555570, -0.000000,  0.391154, -0.585404,  0.710141,  0.093750,  0.750000,  0.000000,  1.000000,  0.000000,  0.000000,  0.000000,  0.000000,  0.000000,  0.000000, 
				-6.767990,  6.767990,  9.571383, -0.502146,  0.502146,  0.704059, -0.707107, -0.707107, -0.000000,  0.497845, -0.497845,  0.710141,  0.125000,  0.750000,  0.000000,  1.000000,  0.000000,  0.000000,  0.000000,  0.000000,  0.000000,  0.000000, 
				-7.958315,  5.317575,  9.571383, -0.590461,  0.394533,  0.704059, -0.555570, -0.831470,  0.000000,  0.585404, -0.391154,  0.710141,  0.156250,  0.750000,  0.000000,  1.000000,  0.000000,  0.000000,  0.000000,  0.000000,  0.000000,  0.000000, 
				-8.842806,  3.662808,  9.571383, -0.656085,  0.271759,  0.704059, -0.382683, -0.923880,  0.000000,  0.650466, -0.269432,  0.710141,  0.187500,  0.750000,  0.000000,  1.000000,  0.000000,  0.000000,  0.000000,  0.000000,  0.000000,  0.000000, 
				-9.387472,  1.867282,  9.571383, -0.696496,  0.138542,  0.704059, -0.195090, -0.980785, -0.000000,  0.690531, -0.137355,  0.710141,  0.218750,  0.750000,  0.000000,  1.000000,  0.000000,  0.000000,  0.000000,  0.000000,  0.000000,  0.000000, 
				-9.571383, -0.000003,  9.571383, -0.710141, -0.000000,  0.704059,  0.000000, -1.000000,  0.000000,  0.704059,  0.000000,  0.710141,  0.250000,  0.750000,  0.000000,  1.000000,  0.000000,  0.000000,  0.000000,  0.000000,  0.000000,  0.000000, 
				-9.387471, -1.867288,  9.571383, -0.696496, -0.138542,  0.704059,  0.195091, -0.980785,  0.000000,  0.690531,  0.137355,  0.710141,  0.281250,  0.750000,  0.000000,  1.000000,  0.000000,  0.000000,  0.000000,  0.000000,  0.000000,  0.000000, 
				-8.842803, -3.662814,  9.571383, -0.656085, -0.271760,  0.704059,  0.382684, -0.923879, -0.000000,  0.650466,  0.269432,  0.710141,  0.312500,  0.750000,  0.000000,  1.000000,  0.000000,  0.000000,  0.000000,  0.000000,  0.000000,  0.000000, 
				-7.958312, -5.317580,  9.571383, -0.590461, -0.394534,  0.704059,  0.555571, -0.831469, -0.000000,  0.585404,  0.391155,  0.710141,  0.343750,  0.750000,  0.000000,  1.000000,  0.000000,  0.000000,  0.000000,  0.000000,  0.000000,  0.000000, 
				-6.767986, -6.767994,  9.571383, -0.502146, -0.502146,  0.704059,  0.707107, -0.707106,  0.000000,  0.497845,  0.497845,  0.710141,  0.375000,  0.750000,  0.000000,  1.000000,  0.000000,  0.000000,  0.000000,  0.000000,  0.000000,  0.000000, 
				-5.317570, -7.958318,  9.571383, -0.394533, -0.590461,  0.704059,  0.831470, -0.555570,  0.000000,  0.391154,  0.585404,  0.710141,  0.406250,  0.750000,  0.000000,  1.000000,  0.000000,  0.000000,  0.000000,  0.000000,  0.000000,  0.000000, 
				-3.662803, -8.842809,  9.571383, -0.271759, -0.656085,  0.704059,  0.923880, -0.382683,  0.000000,  0.269431,  0.650466,  0.710141,  0.437500,  0.750000,  0.000000,  1.000000,  0.000000,  0.000000,  0.000000,  0.000000,  0.000000,  0.000000, 
				-1.867276, -9.387473,  9.571383, -0.138541, -0.696496,  0.704059,  0.980785, -0.195089,  0.000000,  0.137354,  0.690531,  0.710141,  0.468750,  0.750000,  0.000000,  1.000000,  0.000000,  0.000000,  0.000000,  0.000000,  0.000000,  0.000000, 
				 0.000009, -9.571383,  9.571383,  0.000001, -0.710141,  0.704059,  1.000000,  0.000001, -0.000000, -0.000001,  0.704059,  0.710141,  0.500000,  0.750000,  0.000000,  1.000000,  0.000000,  0.000000,  0.000000,  0.000000,  0.000000,  0.000000, 
				 1.867294, -9.387470,  9.571383,  0.138542, -0.696496,  0.704059,  0.980785,  0.195091,  0.000000, -0.137356,  0.690531,  0.710141,  0.531250,  0.750000,  0.000000,  1.000000,  0.000000,  0.000000,  0.000000,  0.000000,  0.000000,  0.000000, 
				 3.662820, -8.842801,  9.571383,  0.271760, -0.656085,  0.704059,  0.923879,  0.382684, -0.000000, -0.269432,  0.650465,  0.710141,  0.562500,  0.750000,  0.000000,  1.000000,  0.000000,  0.000000,  0.000000,  0.000000,  0.000000,  0.000000, 
				 5.317585, -7.958308,  9.571383,  0.394534, -0.590461,  0.704059,  0.831469,  0.555571, -0.000000, -0.391155,  0.585403,  0.710141,  0.593750,  0.750000,  0.000000,  1.000000,  0.000000,  0.000000,  0.000000,  0.000000,  0.000000,  0.000000, 
				 6.767999, -6.767982,  9.571383,  0.502146, -0.502145,  0.704059,  0.707106,  0.707108,  0.000000, -0.497846,  0.497844,  0.710141,  0.625000,  0.750000,  0.000000,  1.000000,  0.000000,  0.000000,  0.000000,  0.000000,  0.000000,  0.000000, 
				 7.958322, -5.317565,  9.571383,  0.590462, -0.394533,  0.704059,  0.555569,  0.831470, -0.000000, -0.585404,  0.391154,  0.710141,  0.656250,  0.750000,  0.000000,  1.000000,  0.000000,  0.000000,  0.000000,  0.000000,  0.000000,  0.000000, 
				 8.842811, -3.662797,  9.571383,  0.656086, -0.271758,  0.704059,  0.382682,  0.923880, -0.000000, -0.650466,  0.269431,  0.710141,  0.687500,  0.750000,  0.000000,  1.000000,  0.000000,  0.000000,  0.000000,  0.000000,  0.000000,  0.000000, 
				 9.387475, -1.867270,  9.571383,  0.696496, -0.138541,  0.704059,  0.195089,  0.980786,  0.000000, -0.690531,  0.137354,  0.710141,  0.718750,  0.750000,  0.000000,  1.000000,  0.000000,  0.000000,  0.000000,  0.000000,  0.000000,  0.000000, 
				 9.571383,  0.000015,  9.571383,  0.710141,  0.000001,  0.704059, -0.000002,  1.000000,  0.000000, -0.704059, -0.000001,  0.710141,  0.750000,  0.750000,  0.000000,  1.000000,  0.000000,  0.000000,  0.000000,  0.000000,  0.000000,  0.000000, 
				 9.387469,  1.867300,  9.571383,  0.696496,  0.138543,  0.704059, -0.195092,  0.980785, -0.000000, -0.690530, -0.137356,  0.710141,  0.781250,  0.750000,  0.000000,  1.000000,  0.000000,  0.000000,  0.000000,  0.000000,  0.000000,  0.000000, 
				 8.842799,  3.662826,  9.571383,  0.656085,  0.271760,  0.704059, -0.382685,  0.923879,  0.000000, -0.650465, -0.269433,  0.710141,  0.812500,  0.750000,  0.000000,  1.000000,  0.000000,  0.000000,  0.000000,  0.000000,  0.000000,  0.000000, 
				 7.958305,  5.317591,  9.571383,  0.590460,  0.394535,  0.704059, -0.555572,  0.831468, -0.000000, -0.585403, -0.391155,  0.710141,  0.843750,  0.750000,  0.000000,  1.000000,  0.000000,  0.000000,  0.000000,  0.000000,  0.000000,  0.000000, 
				 6.767977,  6.768003,  9.571383,  0.502145,  0.502147,  0.704059, -0.707108,  0.707105,  0.000000, -0.497844, -0.497846,  0.710141,  0.875000,  0.750000,  0.000000,  1.000000,  0.000000,  0.000000,  0.000000,  0.000000,  0.000000,  0.000000, 
